               precision    recall  f1-score   support

       Benign     0.0000    0.0000    0.0000  41700592
          DoS     0.0000    0.0000    0.0000    145129
       double     0.0000    0.0000    0.0000     12413
force-neutral     0.0000    0.0000    0.0000      5744
      fuzzing     0.0000    0.0000    0.0000     67321
     interval     0.0010    1.0000    0.0019     40542
          rpm     0.0000    0.0000    0.0000      5043
rpm-accessory     0.0000    0.0000    0.0000      3146
        speed     0.0000    0.0000    0.0000      7471

     accuracy                         0.0010  41987401
    macro avg     0.0001    0.1111    0.0002  41987401
 weighted avg     0.0000    0.0010    0.0000  41987401
