                 precision    recall  f1-score   support

         Benign     0.0000    0.0000    0.0000  41700592
            DoS     0.0000    0.0000    0.0000    145129
         double     0.0000    0.0000    0.0000     12413
  force-neutral     0.0000    0.0000    0.0000      5744
        fuzzing     0.0000    0.0000    0.0000     67321
       interval     0.0000    0.0000    0.0000     40542
            rpm     0.0000    0.0000    0.0000      5043
  rpm-accessory     0.0000    0.0000    0.0000      3146
          speed     0.0000    0.0000    0.0000      7471
speed-accessory     0.0000    0.0000    0.0000      2257
     standstill     0.0000    0.0000    0.0000      5739
     systematic     0.0000    0.0000    0.0000     19791
         triple     0.0008    1.0000    0.0016     33495

       accuracy                         0.0008  42048683
      macro avg     0.0001    0.0769    0.0001  42048683
   weighted avg     0.0000    0.0008    0.0000  42048683
